84,406
84,565
84,717
85,407
85,718
86,408
86,566
88,102
88,421
89,410
90,284
90,672
91,567
92,285
92,412
92,413
92,673
93,415
93,568
97,286
97,570
98,288
99,418
99,571
100,420
101,572
101,573
102,88
102,421
106,575
107,290
107,291
109,423
109,424
109,577
110,292
110,532
110,578
113,293
115,295
116,296
118,426
119,297
119,427
119,579
120,298
120,534
120,763
121,580
123,429
124,430
125,583
129,300
129,301
129,585
131,431
132,302
132,303
134,433
135,586
136,305
136,306
136,435
136,587
138,307
138,308
138,309
138,535
138,536
138,537
138,764
141,311
141,538
142,313
142,314
142,683
143,315
143,436
143,684
144,590
149,437
149,591
150,438
150,592
150,730
151,593
154,439
154,440
154,731
154,732
158,318
159,441
159,595
160,596
160,597
162,598
163,320
163,599
164,600
164,601
164,602
165,322
165,444
165,540
167,323
167,445
167,541
167,765
169,324
169,325
169,446
169,447
169,688
170,326
170,448
170,733
173,603
174,604
175,327
175,449
175,542
175,766
177,606
179,450
180,451
180,452
181,330
181,331
182,453
182,735
183,454
183,455
183,607
183,608
185,610
186,456
186,736
187,333
187,545
187,769
188,457
189,612
190,334
190,458
190,459
190,613
190,692
190,737
193,336
193,460
193,461
193,615
194,337
194,338
194,462
194,548
194,549
194,739
194,770
195,463
198,464
199,465
199,616
200,466
201,618
202,343
202,467
202,740
203,344
203,619
204,345
204,468
204,695
205,469
207,471
208,346
208,472
208,622
208,741
209,347
209,348
211,350
211,623
212,624
213,476
214,625
215,352
215,477
215,626
215,627
216,353
216,479
216,551
216,698
217,628
218,354
218,629
219,356
219,481
219,482
219,483
219,630
219,699
220,484
221,357
222,358
222,359
222,485
222,631
222,745
224,360
225,361
226,362
226,700
227,365
227,488
227,632
231,489
231,491
231,747
232,633
234,634
234,663
235,367
235,369
236,370
238,371
238,492
238,555
238,701
238,748
240,635
241,636
243,372
243,495
243,556
243,639
245,496
245,640
246,374
246,497
246,702
246,749
247,498
247,642
248,499
248,643
250,377
250,645
250,703
251,500
252,378
252,502
252,704
252,751
253,503
255,380
255,557
255,648
256,381
256,505
256,649
256,706
257,506
258,382
258,652
259,653
259,654
260,383
260,384
260,508
260,558
260,772
261,385
261,509
261,559
261,655
261,708
262,656
263,387
263,511
263,512
263,561
263,657
263,756
264,388
264,513
265,514
265,515
265,659
265,757
266,389
266,390
266,711
266,712
267,516
268,391
269,392
269,393
269,518
269,562
269,713
270,394
270,661
271,519
272,397
272,520
273,523
273,662
274,398
274,664
275,399
275,524
275,666
275,667
275,714
276,525
276,526
276,761
278,400
278,715
279,401
279,563
279,668
279,669
280,402
280,716
281,403
282,405
283,531
284,90
284,672
285,92
285,412
285,413
285,673
286,97
286,570
287,674
288,98
289,676
290,107
290,291
291,107
291,290
292,110
292,532
292,578
293,113
294,533
294,762
295,115
296,116
297,119
297,427
297,579
298,120
298,534
298,763
300,129
300,301
300,585
301,129
301,300
301,585
302,132
302,303
303,132
303,302
305,136
305,306
305,435
305,587
306,136
306,305
306,435
306,587
307,138
307,308
307,309
307,535
307,536
307,537
307,764
308,138
308,307
308,309
308,535
308,536
308,537
308,764
309,138
309,307
309,308
309,535
309,536
309,537
309,764
310,681
311,141
311,538
312,682
313,142
313,314
313,683
314,142
314,313
314,683
315,143
315,436
315,684
316,539
316,685
318,158
320,163
320,599
322,165
322,444
322,540
323,167
323,445
323,541
323,765
324,169
324,325
324,446
324,447
324,688
325,169
325,324
325,446
325,447
325,688
326,170
326,448
326,733
327,175
327,449
327,542
327,766
330,181
330,331
331,181
331,330
332,544
332,768
333,187
333,545
333,769
334,190
334,458
334,459
334,613
334,692
334,737
335,546
335,693
336,193
336,460
336,461
336,615
337,194
337,338
337,462
337,548
337,549
337,739
337,770
338,194
338,337
338,462
338,548
338,549
338,739
338,770
343,202
343,467
343,740
344,203
344,619
345,204
345,468
345,695
346,208
346,472
346,622
346,741
347,209
347,348
348,209
348,347
350,211
350,623
351,697
352,215
352,477
352,626
352,627
353,216
353,479
353,551
353,698
354,218
354,629
356,219
356,481
356,482
356,483
356,630
356,699
357,221
358,222
358,359
358,485
358,631
358,745
359,222
359,358
359,485
359,631
359,745
360,224
361,225
362,226
362,700
364,554
365,227
365,488
365,632
367,235
367,369
369,235
369,367
370,236
371,238
371,492
371,555
371,701
371,748
372,243
372,495
372,556
372,639
374,246
374,497
374,702
374,749
377,250
377,645
377,703
378,252
378,502
378,704
378,751
379,705
380,255
380,557
380,648
381,256
381,505
381,649
381,706
382,258
382,652
383,260
383,384
383,508
383,558
383,772
384,260
384,383
384,508
384,558
384,772
385,261
385,509
385,559
385,655
385,708
386,560
386,709
386,773
387,263
387,511
387,512
387,561
387,657
387,756
388,264
388,513
389,266
389,390
389,711
389,712
390,266
390,389
390,711
390,712
391,268
392,269
392,393
392,518
392,562
392,713
393,269
393,392
393,518
393,562
393,713
394,270
394,661
397,272
397,520
398,274
398,664
399,275
399,524
399,666
399,667
399,714
400,278
400,715
401,279
401,563
401,668
401,669
402,280
402,716
403,281
405,282
406,84
406,565
406,717
407,85
407,718
408,86
408,566
410,89
412,92
412,285
412,413
412,673
413,92
413,285
413,412
413,673
415,93
415,568
416,720
417,721
418,99
418,571
419,722
420,100
421,88
421,102
422,723
423,109
423,424
423,577
424,109
424,423
424,577
425,725
426,118
427,119
427,297
427,579
429,123
430,124
431,131
432,728
433,134
435,136
435,305
435,306
435,587
436,143
436,315
436,684
437,149
437,591
438,150
438,592
438,730
439,154
439,440
439,731
439,732
440,154
440,439
440,731
440,732
441,159
441,595
444,165
444,322
444,540
445,167
445,323
445,541
445,765
446,169
446,324
446,325
446,447
446,688
447,169
447,324
447,325
447,446
447,688
448,170
448,326
448,733
449,175
449,327
449,542
449,766
450,179
451,180
451,452
452,180
452,451
453,182
453,735
454,183
454,455
454,607
454,608
455,183
455,454
455,607
455,608
456,186
456,736
457,188
458,190
458,334
458,459
458,613
458,692
458,737
459,190
459,334
459,458
459,613
459,692
459,737
460,193
460,336
460,461
460,615
461,193
461,336
461,460
461,615
462,194
462,337
462,338
462,548
462,549
462,739
462,770
463,195
464,198
465,199
465,616
466,200
467,202
467,343
467,740
468,204
468,345
468,695
469,205
471,207
472,208
472,346
472,622
472,741
475,742
476,213
477,215
477,352
477,626
477,627
479,216
479,353
479,551
479,698
480,744
481,219
481,356
481,482
481,483
481,630
481,699
482,219
482,356
482,481
482,483
482,630
482,699
483,219
483,356
483,481
483,482
483,630
483,699
484,220
485,222
485,358
485,359
485,631
485,745
488,227
488,365
488,632
489,231
489,491
489,747
491,231
491,489
491,747
492,238
492,371
492,555
492,701
492,748
495,243
495,372
495,556
495,639
496,245
496,640
497,246
497,374
497,702
497,749
498,247
498,642
499,248
499,643
500,251
501,750
502,252
502,378
502,704
502,751
503,253
505,256
505,381
505,649
505,706
506,257
508,260
508,383
508,384
508,558
508,772
509,261
509,385
509,559
509,655
509,708
510,755
511,263
511,387
511,512
511,561
511,657
511,756
512,263
512,387
512,511
512,561
512,657
512,756
513,264
513,388
514,265
514,515
514,659
514,757
515,265
515,514
515,659
515,757
516,267
518,269
518,392
518,393
518,562
518,713
519,271
520,272
520,397
523,273
523,662
524,275
524,399
524,666
524,667
524,714
525,276
525,526
525,761
526,276
526,525
526,761
531,283
532,110
532,292
532,578
533,294
533,762
534,120
534,298
534,763
535,138
535,307
535,308
535,309
535,536
535,537
535,764
536,138
536,307
536,308
536,309
536,535
536,537
536,764
537,138
537,307
537,308
537,309
537,535
537,536
537,764
538,141
538,311
539,316
539,685
540,165
540,322
540,444
541,167
541,323
541,445
541,765
542,175
542,327
542,449
542,766
544,332
544,768
545,187
545,333
545,769
546,335
546,693
547,738
548,194
548,337
548,338
548,462
548,549
548,739
548,770
549,194
549,337
549,338
549,462
549,548
549,739
549,770
551,216
551,353
551,479
551,698
554,364
555,238
555,371
555,492
555,701
555,748
556,243
556,372
556,495
556,639
557,255
557,380
557,648
558,260
558,383
558,384
558,508
558,772
559,261
559,385
559,509
559,655
559,708
560,386
560,709
560,773
561,263
561,387
561,511
561,512
561,657
561,756
562,269
562,392
562,393
562,518
562,713
563,279
563,401
563,668
563,669
565,84
565,406
565,717
566,86
566,408
567,91
568,93
568,415
570,97
570,286
571,99
571,418
572,101
572,573
573,101
573,572
575,106
577,109
577,423
577,424
578,110
578,292
578,532
579,119
579,297
579,427
580,121
583,125
585,129
585,300
585,301
586,135
587,136
587,305
587,306
587,435
590,144
591,149
591,437
592,150
592,438
592,730
593,151
595,159
595,441
596,160
596,597
597,160
597,596
598,162
599,163
599,320
600,164
600,601
600,602
601,164
601,600
601,602
602,164
602,600
602,601
603,173
604,174
606,177
607,183
607,454
607,455
607,608
608,183
608,454
608,455
608,607
610,185
612,189
613,190
613,334
613,458
613,459
613,692
613,737
615,193
615,336
615,460
615,461
616,199
616,465
618,201
619,203
619,344
622,208
622,346
622,472
622,741
623,211
623,350
624,212
625,214
626,215
626,352
626,477
626,627
627,215
627,352
627,477
627,626
628,217
629,218
629,354
630,219
630,356
630,481
630,482
630,483
630,699
631,222
631,358
631,359
631,485
631,745
632,227
632,365
632,488
633,232
634,234
634,663
635,240
636,241
638,759
639,243
639,372
639,495
639,556
640,245
640,496
642,247
642,498
643,248
643,499
645,250
645,377
645,703
648,255
648,380
648,557
649,256
649,381
649,505
649,706
652,258
652,382
653,259
653,654
654,259
654,653
655,261
655,385
655,509
655,559
655,708
656,262
657,263
657,387
657,511
657,512
657,561
657,756
659,265
659,514
659,515
659,757
661,270
661,394
662,273
662,523
663,234
663,634
664,274
664,398
666,275
666,399
666,524
666,667
666,714
667,275
667,399
667,524
667,666
667,714
668,279
668,401
668,563
668,669
669,279
669,401
669,563
669,668
672,90
672,284
673,92
673,285
673,412
673,413
674,287
676,289
681,310
682,312
683,142
683,313
683,314
684,143
684,315
684,436
685,316
685,539
688,169
688,324
688,325
688,446
688,447
692,190
692,334
692,458
692,459
692,613
692,737
693,335
693,546
695,204
695,345
695,468
697,351
698,216
698,353
698,479
698,551
699,219
699,356
699,481
699,482
699,483
699,630
700,226
700,362
701,238
701,371
701,492
701,555
701,748
702,246
702,374
702,497
702,749
703,250
703,377
703,645
704,252
704,378
704,502
704,751
705,379
706,256
706,381
706,505
706,649
708,261
708,385
708,509
708,559
708,655
709,386
709,560
709,773
711,266
711,389
711,390
711,712
712,266
712,389
712,390
712,711
713,269
713,392
713,393
713,518
713,562
714,275
714,399
714,524
714,666
714,667
715,278
715,400
716,280
716,402
717,84
717,406
717,565
718,85
718,407
720,416
721,417
722,419
723,422
725,425
728,432
730,150
730,438
730,592
731,154
731,439
731,440
731,732
732,154
732,439
732,440
732,731
733,170
733,326
733,448
735,182
735,453
736,186
736,456
737,190
737,334
737,458
737,459
737,613
737,692
738,547
739,194
739,337
739,338
739,462
739,548
739,549
739,770
740,202
740,343
740,467
741,208
741,346
741,472
741,622
742,475
744,480
745,222
745,358
745,359
745,485
745,631
747,231
747,489
747,491
748,238
748,371
748,492
748,555
748,701
749,246
749,374
749,497
749,702
750,501
751,252
751,378
751,502
751,704
755,510
756,263
756,387
756,511
756,512
756,561
756,657
757,265
757,514
757,515
757,659
759,638
761,276
761,525
761,526
762,294
762,533
763,120
763,298
763,534
764,138
764,307
764,308
764,309
764,535
764,536
764,537
765,167
765,323
765,445
765,541
766,175
766,327
766,449
766,542
768,332
768,544
769,187
769,333
769,545
770,194
770,337
770,338
770,462
770,548
770,549
770,739
772,260
772,383
772,384
772,508
772,558
773,386
773,560
773,709
