827,837
827,844
827,852
829,845
830,846
830,857
831,839
831,858
831,859
833,840
833,841
833,848
833,854
833,861
834,849
835,843
837,827
837,844
837,852
838,860
839,831
839,858
839,859
840,833
840,841
840,848
840,854
840,861
841,833
841,840
841,848
841,854
841,861
843,835
844,827
844,837
844,852
845,829
846,830
846,857
848,833
848,840
848,841
848,854
848,861
849,834
852,827
852,837
852,844
854,833
854,840
854,841
854,848
854,861
857,830
857,846
858,831
858,839
858,859
859,831
859,839
859,858
860,838
861,833
861,840
861,841
861,848
861,854
