9
1 2 3 4 5 6 7 8 9
4 9 - 1 3 6 7 - 8
- 6 3 5 - - - 9 -
5 - - - 2 9 3 6 4
- 2 - 3 1 - - 4 -
- 7 4 - - - 2 1 -
- - 1 - 6 4 - 8 -
1 8 6 9 - - - 2 5
- 4 - - 5 1 8 3 -
3 - 9 4 8 - - 7 -

Solved
4 9 2 1 3 6 7 5 8
7 6 3 5 4 8 1 9 2
5 1 8 7 2 9 3 6 4
8 2 5 3 1 7 9 4 6
6 7 4 8 9 5 2 1 3
9 3 1 2 6 4 5 8 7
1 8 6 9 7 3 4 2 5
2 4 7 6 5 1 8 3 9
3 5 9 4 8 2 6 7 1


Total time: 00:00:00.1070000

Strategy             Uses       Time
Apply Changes        5          00:00:00.0970000
Only One Possibility 4          00:00:00.0020000
Only One Place       0          00:00:00
Twins                0          00:00:00
Guess                0          00:00:00
